514.14
163.11
514.93
136.48
500.50
134.06
515.23
233.56
204.26
301.59
176.98
130.96
233.50
386.01
230.81
509.32
422.52
304.50
455.32
401.18
366.76
172.68
200.82
207.42
402.65
157.15
298.87
229.76
199.39
418.15
332.01
353.45
346.61
202.08
243.06
231.54
333.92
151.48
397.08
334.27
173.67
212.43
230.39
315.62
169.03
176.61
511.74
191.17
317.77
293.69
421.19
369.70
182.78
423.74
370.07
333.22
513.46
328.50
168.15
408.10
167.77
214.80
298.55
190.09
424.59
371.94
308.72
400.74
512.04
511.18
305.09
283.82
130.96
514.93
234.90
413.85
155.49
363.35
354.29
211.21
227.69
234.11
230.94
163.03
279.53
429.48
201.25
224.57
190.01
304.72
212.12
312.40
405.25
191.83
316.04
309.54
328.80
241.14
316.61
335.22
843.08
1549.02
808.15
1692.71
1256.53
619.81
1534.63
1473.99
837.04
1487.99
667.22
1572.43
1455.94
1641.34
1593.58
1528.56
789.71
677.40
1312.11
686.03
1715.30
1687.13
765.22
1137.28
683.89
1705.64
825.66
679.12
615.90
768.54
1522.58
1058.71
992.57
693.45
1481.87
772.67
1090.08
1405.09
1536.82
910.17
704.46
1056.55
1187.88
789.79
1063.67
1409.91
1670.51
1495.39
807.27
1500.20
792.61
1481.86
1097.26
1511.56
1418.99
812.76
1211.49
1280.46
776.49
656.88
1353.64
550.04
1144.24
973.30
1527.65
1392.54
728.77
729.63
1691.54
479.74
708.02
938.47
821.82
1283.21
1225.07
1439.03
1657.69
836.22
700.11
783.72
1569.94
1304.25
850.07
1680.77
1041.20
1077.09
792.86
810.74
837.14
1521.01
1588.96
1257.88
995.40
556.37
502.16
1207.49
1003.36
685.11
709.88
889.43
1857.96
1604.87
1641.79
1052.06
1536.01
2061.50
1191.69
1030.00
1238.15
1767.16
1555.33
1387.74
1586.70
1119.52
1726.44
1758.73
1617.45
1104.52
1879.56
1667.57
1026.49
1450.78
1889.12
1709.75
1768.77
650.04
1354.36
1833.41
1000.22
1653.27
661.34
1551.31
1192.22
1477.34
1124.09
1790.75
1157.35
1676.96
1725.37
1607.04
1154.61
1546.07
809.54
1576.73
1702.08
1840.99
2008.24
1800.99
1590.09
1785.91
1280.42
1193.35
1846.60
1607.96
1860.71
1189.25
1548.73
927.33
1657.92
1260.11
1583.40
1117.30
1805.00
1312.33
1616.04
1741.00
1735.19
1212.32
1488.75
1872.85
1706.08
1753.59
1548.55
1128.17
942.78
852.75
1915.76
1524.72
1596.99
931.26
2000.07
1213.43
1653.85
1968.84
1587.48
1899.57
1781.13
742.22
1622.63
1140.81
2057.89
1928.22
2125.44
1941.83
1162.37
1504.33
917.56
1585.02
1650.29
1659.57
1491.92
957.42
1330.96
757.27
1446.15
771.63
881.38
1482.13
1402.16
1497.93
837.73
1298.21
1166.97
1252.08
1270.30
842.86
1028.18
643.64
1091.67
1070.31
1528.18
773.63
743.99
1456.25
1547.16
1145.53
1206.71
1635.79
1219.10
1054.22
640.58
661.39
631.42
1930.19
1331.40
749.84
707.74
605.21
1000.07
1098.36
716.34
841.04
1248.54
1345.59
812.64
1156.16
1352.59
663.09
800.09
1117.32
1700.36
1010.11
658.16
1117.20
629.89
751.30
1312.92
1339.96
621.97
734.35
699.72
1109.48
1833.60
1336.20
654.60
1691.83
1445.07
759.16
779.31
1169.16
992.82
1095.58
1334.01
1312.26
1323.56
1062.19
1431.88
690.53
740.21
1256.14
767.06
976.88
1323.03
576.75
1144.97
699.63
1934.60
576.70
845.41
1402.88
662.82
991.54
678.58
1428.53
1810.13
1112.29
1446.12
793.02
1141.80
1703.35
861.16
589.78
787.72
999.42
666.43
497.33
759.45
801.38
378.80
872.43
569.00
950.30
673.81
910.74
671.99
524.00
1099.54
535.28
1224.76
429.83
950.72
486.79
789.44
750.53
638.84
679.91
1113.42
580.82
343.40
1165.41
427.57
617.13
975.86
791.91
536.74
1528.67
819.96
818.73
675.57
764.74
914.90
826.20
449.23
328.76
505.81
1089.03
599.55
532.53
941.00
620.12
296.85
290.82
301.55
665.50
1117.15
642.67
950.88
766.80
468.66
916.00
808.83
774.19
938.58
702.11
1165.95
465.09
896.13
1068.72
1201.77
313.34
766.04
824.18
1164.63
1036.30
734.61
751.77
1008.92
1113.99
800.75
395.85
444.66
743.24
309.48
330.93
723.97
643.68
1185.25
772.84
777.14
1176.42
515.19
639.81
364.23
730.68
325.26
314.35
1010.42
770.58
741.90
777.36
998.78
770.03
659.22
302.16
1023.53
266.28
801.15
620.89
774.36
688.63
807.77
800.74
630.18
458.71
304.79
770.62
752.56
1181.10
798.96
463.04
984.42
732.66
1198.89
365.98
650.69
468.01
683.79
738.58
780.42
369.51
643.66
974.08
728.53
650.08
297.51
901.70
1051.05
319.73
1187.41
618.71
917.98
1019.17
720.37
306.31
467.28
379.80
1166.31
1137.88
383.04
801.97
1502.72
1161.75
1215.38
1397.48
1281.45
520.71
697.18
697.29
1118.66
1446.75
764.66
1440.61
862.08
619.33
1472.99
717.10
681.01
624.54
925.25
1350.41
618.30
599.63
819.68
1501.54
1298.99
781.04
1482.41
748.47
1274.87
583.31
662.52
1121.86
620.64
598.86
795.84
1502.40
1353.28
872.36
1093.81
1260.72
1511.11
859.98
1067.37
1509.54
813.81
625.75
1428.71
1257.00
777.26
1297.75
1475.45
711.02
1544.10
1433.33
593.00
1450.07
719.36
589.42
761.90
1505.20
795.96
1142.68
1210.01
1516.89
1441.62
771.59
1108.82
1266.91
1368.44
718.04
1535.90
502.36
1391.10
551.48
868.00
1223.08
1291.08
684.88
1455.39
1058.61
779.65
575.60
774.65
1496.41
852.21
630.17
1506.67
1445.23
806.41
1491.34
541.37
953.86
669.38
1062.76
900.95
1147.29
578.53
1330.34
1453.43
684.06
1880.01
2055.84
2027.74
1887.06
1779.10
1998.25
2028.07
1975.17
2036.55
1958.37
1974.42
1911.05
1759.13
1954.35
1856.68
1899.62
1805.78
2038.99
1902.28
1879.02
1842.39
1782.53
2028.43
1938.47
2004.78
1863.00
1898.37
2094.30
1723.35
2003.78
1816.65
1898.23
1930.22
1900.11
2105.37
1818.06
1829.52
1937.19
1862.96
1765.39
1877.59
1995.85
1933.49
1782.78
1785.05
1861.50
1899.86
1818.06
2220.40
2053.33
1837.30
1962.77
1835.33
1906.61
1964.42
1839.77
1985.24
2161.58
1862.73
1937.20
1798.19
1896.77
1798.04
1957.17
1947.33
1875.96
1932.11
1811.95
2006.40
1800.24
2140.03
1977.04
1889.32
1959.01
1867.85
2049.49
1856.67
2052.03
1909.17
1853.86
1940.07
1868.28
1908.54
1868.16
1080.32
1959.17
1863.30
1891.15
1811.62
2053.84
1529.69
1984.76
2144.13
1926.48
1973.44
1776.37
1890.53
2081.38
937.18
1889.86
1357.92
1187.34
983.12
1865.85
1493.44
766.59
1247.55
1266.21
625.79
1176.85
2168.63
1535.65
1785.75
1760.47
1572.46
2006.89
1675.41
1797.03
1806.31
1356.80
1407.99
2287.84
1753.51
1822.17
1460.08
1410.71
1594.32
844.99
1975.80
1412.97
1690.60
1545.22
1796.22
1096.86
1506.70
2046.11
609.28
1854.34
1680.10
465.63
1867.48
2084.26
1137.55
660.18
1336.01
1684.04
1908.66
734.89
1596.30
1433.78
1316.98
1420.49
1163.96
2185.24
1591.74
1042.26
1587.61
1966.61
1350.60
1853.39
1256.01
1180.20
864.39
166.26
1343.19
1273.67
1145.19
1866.64
1378.38
854.81
1552.49
1401.56
1402.16
500.54
1502.47
1627.72
1406.96
1689.75
698.59
1627.36
1249.68
1106.27
1483.92
1901.82
568.12
1682.48
1470.33
1697.02
857.70
1767.82
2171.43
708.02
1373.60
1351.65
1552.46
1714.97
1722.24
1261.66
984.77
1195.08
1515.18
1774.32
1536.28
1746.53
1825.74
1774.22
1827.75
1837.09
1342.04
1739.04
1331.44
1152.26
1301.55
1479.58
1443.72
1333.86
1591.82
1412.64
1387.74
1594.63
1024.75
1731.22
1808.34
1188.10
1245.74
2164.82
1268.10
1674.10
1616.30
1842.16
497.94
1446.65
1373.34
1122.51
553.74
1473.59
1155.79
1170.42
1757.02
1280.68
793.78
1360.95
744.91
1824.41
1027.47
1828.69
1931.74
1122.28
941.50
1746.09
1664.56
1608.83
1875.56
2169.56
1511.40
710.24
1645.73
691.23
1295.28
1959.11
1946.66
707.03
636.04
1405.40
1639.33
1164.84
799.28
1721.08
1552.58
2130.18
1752.39
1858.97
900.67
1747.19
1367.41
1442.27
1651.96
1910.56
1676.40
1667.51
867.97
1801.27
1932.80
1530.14
1622.91
1334.25
634.36
1113.72
736.97
1579.96
1952.02
1944.36
1329.03
1471.99
1082.02
1507.36
1742.43
1772.40
1266.01
1614.34
1548.25
1387.65
1915.56
1546.33
981.07
1608.92
1397.09
1475.27
1618.42
1951.15
1502.80
1718.17
1757.59
1533.64
1592.12
2217.77
1846.96
1989.00
1512.54
902.34
1148.57
2175.49
1935.80
1924.81
1367.20
1658.35
820.93
493.98
1425.32
1590.46
1177.47
948.55
1144.48
1924.14
1968.89
1656.33
1754.36
1999.06
1979.40
1750.19
1589.60
1665.31
1817.79
1454.05
1980.75
1596.06
1301.01
1848.30
1766.83
1851.97
631.56
773.34
1896.75
1581.58
1717.27
2061.00
1598.25
1816.09
1633.08
1886.65
1314.04
1789.96
794.82
1584.70
1701.21
1426.98
1359.13
1509.03
998.35
1957.05
1694.31
808.19
1566.82
1766.21
788.35
1212.48
1652.77
1768.20
1795.83
1529.48
981.40
1037.93
944.81
1454.90
1432.80
799.46
1289.06
1118.24
1164.69
1788.78
1535.98
1052.24
1496.57
1286.79
1180.61
1550.35
605.60
1354.42
1161.14
1718.15
791.25
1348.07
1013.56
1896.35
1457.18
1533.93
1780.73
1715.54
793.08
1915.44
1724.33
1163.19
1303.05
1672.64
1586.29
1272.44
1712.03
1735.71
1635.01
1676.59
558.70
1753.28
720.08
1449.44
1346.54
1634.23
1135.63
1631.20
1845.46
958.32
1479.60
1279.75
1775.47
1654.51
1278.75
628.42
1173.26
1981.71
1620.37
767.08
1783.69
1506.02
1250.63
1776.05
1484.97
1426.91
607.95
1213.79
1861.77
1653.96
929.76
956.46
1855.72
1184.25
1335.80
1700.21
1659.21
1491.81
854.52
1845.43
1697.64
1749.98
1766.73
1511.03
1393.71
1596.36
1884.59
796.25
1715.61
1703.32
1501.74
1412.70
1755.45
772.96
1648.74
1461.09
1849.64
2012.86
1582.08
1489.18
1440.97
1761.18
1676.40
882.22
1050.93
1243.66
1263.75
1483.18
1779.06
2137.11
1511.63
1221.35
1332.92
1150.28
1523.03
1185.77
1963.00
1717.10
1783.62
1265.79
1632.60
1617.21
302.14
2107.78
1401.07
1555.92
1637.25
1887.50
1848.78
922.08
622.08
1219.35
730.34
1792.51
1308.64
1970.38
441.82
1405.51
1718.55
1543.95
1619.72
1498.83
1149.39
1754.64
1172.77
1576.18
1700.67
1555.60
1956.38
1684.47
765.23
1603.25
633.08
1637.31
1526.84
1788.83
827.47
1474.69
1413.95
942.06
1603.18
1003.34
1658.94
1644.20
1636.79
1961.20
1833.51
1504.70
1151.66
1138.97
1694.68
1288.26
1648.70
1408.13
713.68
1113.67
1507.15
987.95
1783.68
1338.65
2050.72
492.71
1776.05
1467.02
1903.86
1590.23
377.75
816.03
1810.98
681.11
964.15
1559.81
1479.38
1733.27
1371.72
1743.01
1331.10
1771.23
754.95
1476.85
1492.01
1247.95
1555.68
1670.68
1659.26
451.64
1300.69
796.66
1432.70
1553.88
1055.30
1157.88
904.97
1194.85
1079.33
1592.39
1858.89
1908.41
1936.27
1374.71
1958.30
1761.88
982.70
1226.62
749.05
1151.85
1468.12
1199.66
1779.23
1724.75
1463.69
777.55
1568.34
1241.66
1710.06
1733.59
1985.57
1203.11
1807.39
827.47
1603.77
1246.49
1095.68
1697.99
1382.30
1612.67
1819.79
928.68
1279.76
1575.53
674.16
1635.50
1345.17
885.65
1856.82
1490.15
2193.69
1227.62
510.37
1156.80
1492.18
1841.80
1795.08
1697.28
1391.63
1217.09
1640.54
1673.66
1403.90
1475.76
1926.97
1401.07
1582.32
1440.21
1691.06
1827.61
1816.81
1793.66
1241.67
1121.92
1119.20
1459.16
1561.82
993.09
1901.19
1644.86
786.23
1532.57
1980.40
1514.83
1123.72
1088.38
1518.11
1243.80
819.80
1380.68
785.41
1431.26
1252.56
1231.53
1641.00
971.59
1326.31
1186.77
1173.24
1508.71
1635.82
756.94
1694.72
1247.98
536.29
1404.82
914.11
1476.93
1128.84
1650.71
1247.51
1446.62
1286.07
1726.03
1242.54
1597.12
1199.24
1649.73
1907.95
2163.66
1638.57
1368.65
662.13
1755.46
1494.35
1485.74
1440.28
1591.82
1890.30
1522.84
1488.39
1508.59
1105.84
1986.27
1808.32
1844.08
1187.32
1367.37
1607.14
1625.22
1447.83
646.41
1814.56
1488.60
1755.42
1423.49
865.02
1713.87
1820.12
1384.42
1929.81
1517.13
1594.52
757.40
1492.74
2126.31
1488.68
1734.97
1784.91
1726.37
1486.23
1865.37
1515.78
1538.57
1520.49
1571.09
1559.03
2184.26
939.05
767.11
1842.90
1502.92
1241.68
385.25
1341.59
824.38
921.24
1832.25
930.32
1463.66
1751.87
1754.19
1368.35
1882.48
1519.46
1226.40
1375.23
1846.17
1546.58
1661.29
681.00
1365.76
929.35
1524.30
1517.51
1221.19
1465.44
1690.44
1636.99
1175.39
1662.33
1498.51
1647.69
1780.85
1104.84
1985.35
1482.30
1798.44
978.81
2067.04
1605.25
1986.75
1280.35
1092.18
1971.12
1760.92
1499.94
1040.53
1390.06
1771.32
1403.64
1556.14
1399.32
455.94
1610.36
1142.34
1365.34
1232.13
2277.20
1259.70
1420.60
1684.64
1002.70
663.92
1366.25
1493.52
1417.82
1568.79
923.86
1114.30
1493.77
1496.95
1473.56
1494.32
1814.76
1547.71
1187.01
1010.46
1480.43
1755.50
1592.99
1421.25
1513.79
647.30
1417.68
1022.17
712.76
1332.76
1694.91
1623.24
1824.32
1238.78
1712.10
877.31
1612.62
1865.99
1118.63
2004.64
1230.65
1905.06
694.76
576.04
1470.53
1104.23
1793.80
1264.15
1828.66
1637.66
1507.95
1663.71
1221.83
873.83
1826.64
1714.40
580.10
1194.28
805.51
1138.57
890.66
1473.53
1508.48
1544.62
2003.22
695.96
775.24
520.05
1406.61
1152.30
1596.26
1021.84
2135.18
1622.93
315.70
1539.53
1266.32
649.11
1200.03
1436.45
881.17
1819.06
835.30
1752.57
941.36
453.41
1495.25
995.38
1486.63
1536.27
1181.79
1639.81
376.22
604.15
1704.03
1707.91
792.44
978.99
1127.12
1461.88
1439.63
1399.81
1798.24
496.12
1333.82
856.68
1537.59
1632.05
1772.11
1667.02
1466.59
1915.80
1420.93
1943.94
1239.04
1582.75
828.84
1504.00
1389.82
795.43
1580.15
1687.00
1654.72
1690.27
1572.57
1640.94
1493.33
1290.83
1388.16
1251.08
983.66
1780.51
1653.91
1533.69
1519.56
2099.61
1832.19
1786.26
456.14
1149.36
1265.49
2008.59
1528.13
1055.66
1529.83
929.58
1925.19
1707.84
2166.38
1625.06
1554.27
1038.44
1987.19
1694.41
506.38
1416.54
871.23
1375.85
1577.11
1514.67
1484.09
1690.83
1449.21
1905.59
1458.19
1153.12
1220.37
1711.43
766.19
1512.16
1475.27
1152.87
669.29
918.45
1342.38
1151.34
1596.38
1164.72
1794.87
1703.53
692.94
1531.10
1490.28
1351.04
1308.78
1318.16
1802.57
1496.81
1880.60
2145.48
1931.12
1573.39
1390.80
1019.95
1471.20
1475.73
1754.40
1775.97
576.86
1813.88
1881.19
1783.00
1757.56
1305.84
1374.80
1131.20
1286.52
1716.62
807.14
303.54
1029.68
559.88
1394.46
1033.77
894.21
698.87
914.20
1635.74
1442.52
599.25
1279.77
1848.43
865.55
1770.78
1861.88
1478.66
1690.08
447.40
1476.26
1392.86
975.05
1300.09
1440.99
1165.62
1976.08
1214.51
1550.36
739.63
2188.63
1198.64
1957.34
1273.11
1439.32
1260.78
1652.46
705.70
1435.90
472.72
1438.06
1709.98
1858.48
544.41
1745.40
705.18
993.39
910.64
1149.49
1722.77
1436.06
1517.53
1526.55
895.05
607.55
1195.92
1914.80
1790.97
1164.74
2046.45
1861.42
1671.32
1002.64
1567.04
1442.54
778.06
1474.14
1121.30
1614.14
1316.03
1594.54
1679.17
1611.04
1384.86
1631.75
1718.16
1625.11
1485.09
1244.71
1570.91
1777.16
1110.97
1684.26
1136.50
932.65
1670.77
1549.70
1942.44
1050.86
1291.15
1402.62
1149.05
1789.18
1231.48
1978.04
526.50
1362.15
1512.90
1282.80
1612.51
1719.79
1920.23
1554.83
1239.11
1305.24
1750.76
2081.26
470.13
1967.07
729.94
1067.89
1733.39
1077.65
1497.47
572.13
1882.86
1476.04
1963.85
1971.11
1339.43
1650.83
1508.60
1971.10
1677.26
1482.90
915.86
869.33
1630.44
763.17
1676.58
1477.81
1371.64
2285.37
1591.69
1636.77
1620.79
1085.51
1749.41
1711.14
1944.70
578.85
1093.14
1051.02
1554.33
1771.09
1677.82
1489.45
1825.62
1647.59
1489.76
1652.36
1778.28
1473.48
1926.50
1017.23
1400.65
982.31
1677.91
740.87
1723.29
653.23
1300.92
830.40
1243.65
1265.95
1208.49
521.96
1436.36
1436.26
1668.85
1143.88
736.12
1134.55
1583.99
488.59
647.36
1666.10
1707.89
1312.48
1714.53
1650.59
1712.76
1631.23
1682.37
1653.05
1362.26
1797.87
1599.00
1232.67
738.44
1241.88
1101.84
1409.75
550.03
1529.18
1927.73
1730.12
1407.83
1561.61
916.84
1742.70
2232.70
1422.82
1237.80
1830.16
1243.48
1338.72
1507.33
1603.28
988.71
1183.56
1846.24
1732.76
1863.21
1481.02
1666.70
1810.68
1647.48
1964.08
1744.43
1635.29
1734.28
1358.56
1828.83
1425.92
1597.57
1256.39
1522.96
1554.11
1486.65
837.91
649.79
1722.43
1623.90
1256.38
1141.48
1141.40
1530.37
1277.61
622.22
728.74
1601.87
1690.94
1546.82
1495.51
1955.22
1932.72
1955.77
1216.39
1579.14
974.22
1332.26
972.33
1778.25
644.34
1654.48
1156.22
1716.13
1064.93
1411.47
1619.45
999.18
1501.81
1767.12
539.21
1390.77
1204.15
1458.98
1367.56
1589.35
744.47
1428.60
1691.70
215.93
776.78
1853.26
1619.06
756.11
1161.49
1859.19
674.49
731.19
1930.83
1720.82
1727.85
1923.41
1816.65
1309.95
1682.19
1279.87
1815.78
1676.17
1628.07
1645.04
1956.67
623.08
1762.43
1223.21
1635.93
1532.91
807.53
1243.80
1529.14
1494.73
749.93
1460.97
1933.65
1474.75
939.45
1562.77
1377.92
1582.87
1852.17
1968.64
597.32
151.59
807.90
1670.05
1735.30
1005.80
1611.46
1546.22
1816.17
1666.03
1751.60
615.25
1736.05
1926.25
1563.34
1755.31
2009.25
1428.36
1893.89
1488.99
1202.64
1443.82
958.01
1640.01
1530.44
1771.12
1226.39
1589.94
305.13
1967.24
1466.73
1424.29
511.35
824.65
1805.21
1576.57
1689.80
1084.55
1795.36
1449.39
829.60
1948.99
1274.90
894.86
705.73
1301.70
1971.70
1897.49
1396.51
669.27
1288.24
1127.00
842.94
1742.64
1275.46
1268.97
1344.56
1490.56
1550.53
1804.40
850.33
1418.74
1867.66
1655.92
424.99
1809.93
1559.93
2191.70
1718.73
814.01
1125.56
559.70
1679.59
1653.49
785.37
1107.66
1706.67
602.84
1066.43
771.10
1660.43
1538.64
2191.26
963.19
1299.01
1256.79
1558.08
1946.10
677.31
1976.98
1340.65
1463.73
654.68
1610.75
1475.27
1881.94
1776.74
727.85
1656.10
1198.12
1865.99
1532.55
1658.77
1657.19
707.94
1131.81
1161.28
917.19
1493.56
1486.33
1806.56
1473.04
1391.73
1518.23
1301.24
1401.13
1489.07
2003.53
980.86
1836.34
1568.77
1628.74
1508.74
1250.77
1432.85
1964.28
1692.83
858.47
1571.80
1520.61
2033.75
1669.90
1671.23
1736.80
1442.94
1477.26
1649.03
1771.06
1147.11
1529.43
807.73
1727.13
1844.96
443.66
1622.02
1882.16
1785.05
1463.91
1433.00
769.67
1156.28
1789.87
1259.30
1762.89
1223.04
711.35
1491.64
1599.52
1406.72
1765.77
1270.28
395.73
891.20
1807.26
2005.65
1742.13
1631.67
1918.09
1253.60
1562.95
1745.21
1614.82
1357.63
1473.46
1429.51
1688.82
1164.49
1672.73
1504.41
1145.46
946.79
693.52
1873.08
1278.81
1458.44
772.84
1127.49
1510.70
1615.71
1244.01
1344.61
1725.39
801.38
1905.48
1003.66
741.14
1710.35
1124.74
1685.54
1933.25
1123.40
1799.81
1780.48
1924.07
734.95
418.83
934.53
1534.88
1761.01
581.91
1806.15
1809.59
1267.55
1598.21
849.93
666.02
1708.60
794.93
146.31
1317.52
1884.92
1717.38
1629.41
1976.10
1726.00
2061.25
1652.26
1430.52
1260.66
1652.64
764.11
1491.59
1467.97
1827.86
1212.65
1609.55
1213.13
1586.94
1539.11
1438.61
1387.80
1162.36
1806.40
1093.50
1756.48
2082.21
783.93
1851.26
158.92
1810.31
1318.57
1708.97
1736.86
1075.61
1796.66
1828.14
1635.44
1617.38
624.75
1514.04
1700.24
1618.36
1429.27
1749.57
1010.63
1925.00
1676.66
1345.77
227.84
1864.91
504.65
309.95
1285.40
891.85
1737.02
1784.43
1503.76
1810.28
1597.41
1503.29
1548.78
1199.81
810.23
1680.15
1235.44
1578.34
1318.59
1460.60
1719.47
1637.69
1634.43
663.67
1276.62
1487.39
1822.51
816.92
669.48
1201.51
1199.38
1331.29
1090.23
1640.51
1604.92
1818.34
773.35
1849.93
825.70
1956.39
1900.13
1442.54
1304.69
1516.23
812.60
1857.42
1333.76
840.26
1623.34
981.66
883.27
654.49
1023.80
492.09
1895.72
1912.97
1611.75
1275.32
1106.11
637.09
1569.84
1694.62
1133.93
442.08
1604.56
1664.12
560.22
1387.70
779.95
815.48
1201.70
2008.55
846.85
395.71
1247.54
1834.34
1502.51
1859.38
1912.45
1294.04
1704.77
1918.03
1293.74
952.22
1113.00
1696.98
1367.43
1599.20
960.48
1633.63
2184.67
1599.73
1227.74
1926.90
1943.84
1376.15
1626.29
1502.58
994.66
1877.50
1358.52
1221.14
1536.66
1763.02
1488.22
486.90
1507.52
799.75
1005.36
200.11
1686.84
1923.19
1737.32
1152.61
1304.28
1719.50
1937.15
1598.56
1259.22
1482.69
659.66
1794.71
1930.91
1005.71
1774.33
1231.70
1737.14
1857.31
1653.10
668.65
911.07
1497.00
1828.38
1427.77
1218.18
658.82
1444.54
1112.81
1765.75
1580.39
1796.75
1610.58
1126.35
1757.11
1483.00
1672.73
951.41
1575.34
1124.78
922.61
1469.77
1640.74
1523.76
1555.69
1864.88
1188.20
803.84
973.37
1765.25
1576.22
1609.04
1373.34
1296.29
1330.27
685.89
2003.42
1231.83
1927.56
857.85
1614.59
598.18
1439.48
1234.40
1070.42
354.34
1724.25
1731.73
626.96
1166.74
2069.84
1847.13
1218.60
1876.94
1562.24
1607.28
1615.07
1484.08
2063.76
906.39
670.31
1933.32
1672.23
1586.82
1898.89
2172.63
1505.38
1644.08
1592.65
1406.41
1186.25
1242.32
1272.30
1506.65
1493.84
1991.40
1568.40
1578.26
1648.56
1665.26
1173.08
1816.06
1063.42
1414.86
1437.49
1650.10
2011.08
572.25
1025.69
1423.71
1952.39
1786.59
1137.23
1933.43
1654.57
1632.60
1882.03
934.67
885.54
1783.21
336.79
1846.52
1956.23
1832.22
1723.62
1464.37
1465.51
1509.15
1823.28
246.50
1665.08
1133.83
1188.78
1956.72
1223.17
1203.90
1433.07
1641.20
1620.99
1499.32
1599.42
1508.25
1819.03
786.21
1358.82
1119.91
1147.24
727.18
687.13
970.15
1613.71
587.27
1421.35
844.69
1501.45
1862.64
1903.44
1562.78
1883.83
1516.61
1362.41
1608.80
1916.72
1124.89
571.93
1134.03
1802.10
1619.11
1864.61
1915.32
727.34
530.31
1774.48
1189.87
1778.25
962.81
1811.26
1230.07
1593.90
1210.80
1272.12
1359.95
1561.60
1842.06
1341.04
1949.74
1492.18
1432.46
1618.69
1704.30
1909.86
1750.07
1574.98
1278.50
2120.77
1052.67
776.17
1475.23
1219.52
1633.32
854.07
1274.81
1302.68
1652.05
1640.29
2002.06
1208.20
1447.57
1575.16
545.59
1688.76
1571.98
1851.79
1826.15
641.65
577.33
1670.51
1816.31
1229.37
1864.40
797.47
1148.62
1387.50
735.12
2076.31
1436.77
1114.52
1835.85
1006.43
1465.44
1036.63
780.50
1494.00
1597.42
1786.48
1494.18
1707.09
1601.71
1281.66
1841.05
1597.03
1493.84
1937.55
306.35
1724.50
1309.14
1635.77
656.89
711.74
1857.68
1834.68
1292.06
979.64
1559.90
1954.53
1716.50
1236.95
1651.83
1665.64
1216.97
1758.91
1623.32
1507.59
1170.45
1314.33
860.78
1762.52
2079.09
1594.20
1884.56
2243.49
1834.23
1554.07
1631.58
732.83
818.25
1518.36
754.69
1505.08
1405.88
1889.81
1103.28
1765.21
1683.02
1585.91
1753.57
1558.12
1771.71
244.65
929.70
731.03
1433.84
788.97
1834.01
906.00
2091.25
1631.98
1415.95
1095.55
462.80
956.56
1677.38
1446.63
1691.95
1031.93
824.90
1413.52
1305.40
1529.48
940.88
958.61
1563.90
1487.76
1869.88
913.81
1333.05
482.41
688.75
1698.28
1480.17
1788.06
1525.14
1600.91
1574.84
1810.43
1602.29
1173.91
1908.00
1526.52
1595.74
797.03
1501.85
1757.31
352.86
1834.31
1838.89
1110.59
1511.56
1087.94
1772.57
1198.99
1511.49
1505.09
1561.33
708.94
1701.96
1664.47
1621.33
1070.12
1065.32
1844.99
669.47
1752.02
1912.35
893.07
1481.95
1877.39
1603.02
801.94
1786.03
1188.85
1268.01
1409.16
1835.22
1019.51
1351.35
1999.76
1577.74
1142.29
1663.09
1660.94
1361.60
1036.91
1463.37
1191.80
737.45
1305.72
1475.08
399.86
1656.06
505.43
1510.31
1246.90
1750.39
1660.47
1857.77
1448.03
1588.02
404.90
880.32
1541.15
1868.15
1175.90
1653.05
1921.92
718.14
1467.46
1548.78
1187.95
1593.58
500.83
2259.41
1422.41
1013.76
772.67
658.37
1811.10
1379.40
1453.56
1932.26
1752.96
1348.30
1625.59
1572.57
1097.21
1949.68
1691.38
1594.57
1696.36
1488.49
2018.25
1527.24
1716.92
949.48
987.38
1711.03
1778.67
1443.34
899.87
1975.08
1431.60
1612.86
1622.23
1596.47
1501.86
1178.68
1572.09
1336.01
1905.61
1192.15
1762.38
1661.50
1633.63
2164.53
1354.21
1433.02
1652.83
1591.45
1478.33
842.97
1108.92
1708.11
1434.19
1811.52
1629.28
1267.37
956.27
1162.59
1177.55
1865.70
1545.55
1254.17
1864.18
1443.34
1700.59
2049.72
1919.66
1620.83
1654.14
1644.17
1187.92
510.79
1661.85
2037.95
1804.47
1713.95
2255.25
1740.92
1821.91
1364.11
1115.41
1314.06
1751.89
1639.73
1619.35
1199.07
1656.41
1741.91
1022.83
1805.89
1430.13
1970.66
2195.95
1270.40
870.35
1592.98
1774.39
1810.86
1679.43
997.04
1942.38
1806.97
1861.67
1430.73
1622.54
1915.87
377.23
589.75
1412.92
843.30
1379.18
1226.42
1751.93
1103.42
1143.90
1149.82
1248.32
1693.53
1661.14
1331.69
1162.62
1774.94
1102.44
1517.68
919.51
1968.44
1499.35
1514.75
1323.50
1519.73
1717.36
1361.19
1259.48
457.42
960.11
1654.37
902.08
1444.91
1560.87
1637.36
2053.46
1900.13
1739.27
1642.18
1656.67
1348.19
1852.32
1523.46
1608.45
1858.11
1959.83
1529.31
1738.55
1627.65
1530.73
1807.91
1010.39
1239.55
2048.17
2083.56
1531.15
926.48
1684.59
1978.24
1517.88
1614.80
899.97
1955.73
833.33
1727.80
717.50
1286.86
1564.88
707.81
1542.39
1050.08
1890.19
1760.15
1688.04
1247.29
1130.07
1312.96
1846.75
1821.78
1507.84
1744.50
1382.98
911.10
1749.79
1252.84
1649.32
1306.90
1537.79
1849.90
1951.34
1951.67
1519.54
843.18
1865.10
1221.03
1610.36
1354.56
1743.66
1290.60
1004.26
1199.12
1721.08
1444.03
1549.58
1065.54
1684.65
1618.89
1808.22
1989.34
1722.11
452.48
1381.55
1138.54
1419.02
2188.54
798.59
1596.77
1877.94
1127.40
1329.85
1796.32
1749.49
1637.02
1631.33
603.07
809.87
1213.27
1603.34
1597.63
1679.85
1606.02
1660.48
1441.68
1588.03
828.79
1633.31
1798.12
1930.13
1833.88
1814.70
1507.26
848.43
956.60
1681.99
786.67
1541.11
1480.81
1577.63
868.50
1631.82
1948.99
877.66
1526.97
924.72
901.28
1720.68
1306.67
1753.94
1825.01
1561.81
1001.10
1444.34
939.52
1435.84
1574.00
1099.44
1611.56
1549.85
1129.30
934.54
1481.32
1094.71
1773.43
1315.86
1269.28
1719.48
1453.15
811.11
1184.88
1520.04
911.59
643.91
739.10
536.16
1380.33
1838.40
698.93
1625.64
1675.29
1626.28
1506.85
1748.38
1865.60
866.23
1476.24
2097.52
1577.24
1742.07
1348.84
1311.66
1690.64
1355.98
1248.01
1097.52
1609.62
1728.67
1512.02
1166.18
1669.49
683.28
989.85
969.64
1646.50
1093.72
1433.89
776.60
836.88
1407.91
1023.76
854.19
493.74
1648.13
887.72
855.54
1876.41
684.70
1967.10
1341.60
1623.43
1847.88
1457.75
827.11
1810.79
1749.74
1768.69
682.44
966.40
998.37
1629.19
582.97
1498.97
1670.67
1485.04
1894.30
1171.74
1151.92
1717.81
1534.41
1940.42
1942.96
1513.51
1692.64
1723.07
718.85
1572.00
992.63
1771.30
952.94
295.92
891.16
1279.93
1739.88
1863.42
989.60
1533.33
1294.04
949.94
1423.01
1711.09
1585.45
1621.50
1827.57
736.49
1622.64
838.10
1757.63
1251.81
1207.09
1070.58
1992.07
1341.79
1259.64
1814.78
1620.55
1212.90
1888.18
1647.25
1681.41
1961.47
1777.86
1251.76
1455.81
1387.60
1644.54
1251.80
1769.67
1172.18
1624.59
1569.05
1826.34
1781.05
2159.97
2159.49
687.01
1482.60
1774.92
1564.74
700.80
757.74
1119.20
2036.51
1379.13
1439.30
1745.04
940.20
1635.51
1543.68
1729.91
510.79
926.50
1709.18
1744.36
920.81
1135.40
1965.47
1764.64
1697.65
1685.25
1329.28
523.30
1896.15
1445.36
1238.25
2277.20
1495.03
1537.65
1247.09
1593.68
1754.22
1855.41
1778.29
992.82
1705.33
1285.67
1688.70
1893.53
1338.30
1729.76
1308.30
1798.69
816.03
736.10
1061.77
1443.34
1739.86
1179.17
1847.79
1333.76
1486.50
1480.27
1427.44
627.42
1263.34
1960.25
1858.34
1241.29
877.10
1146.31
1507.28
2141.67
1014.16
1733.08
1447.51
2070.58
1453.44
1973.26
667.80
1641.51
1388.42
1081.32
1475.64
1225.10
1045.46
1600.95
1206.78
1444.88
1414.55
1505.85
1674.31
1469.68
1535.56
1405.40
2183.91
1492.71
1481.34
1141.17
1244.19
1902.98
1616.78
1608.85
740.46
1472.01
1833.25
1703.51
1759.87
1939.01
852.70
1547.12
1771.33
1653.91
977.87
1843.33
667.06
1518.98
1622.21
1559.36
1237.10
763.64
1077.55
1734.31
1060.61
1605.47
769.77
1508.45
1772.58
1263.25
1587.34
1598.95
1640.74
1730.90
456.36
1275.18
1146.50
1794.15
1909.89
504.12
1273.98
1327.77
1726.93
1921.01
1357.02
1871.53
1795.53
1042.54
1633.87
1916.57
1644.83
1614.35
1460.36
972.36
1827.98
1441.79
1252.13
1464.94
1776.06
1347.14
566.25
1355.70
1871.98
766.77
1460.23
1612.34
1325.72
1485.05
951.82
739.56
1701.09
1633.44
1231.72
1173.33
1905.59
1314.20
1879.27
633.30
1544.18
688.87
1263.26
1485.87
868.34
941.49
1460.60
717.51
1828.08
1365.26
1256.83
1945.52
1346.42
1474.52
1468.02
1342.10
1372.63
1272.11
1433.39
1697.22
908.10
664.59
1005.73
560.40
2044.10
1714.94
1316.74
1231.59
497.09
1255.60
1419.61
1483.18
1329.66
2250.52
1259.77
1366.12
1549.55
1776.13
1756.14
1572.55
1693.87
1406.95
1717.57
1924.26
1457.97
1646.43
1599.32
791.23
1710.22
1304.84
1144.24
1832.13
1983.56
1878.68
1232.24
1649.84
894.38
857.58
1873.84
1218.20
1640.45
490.61
1444.05
1811.64
837.46
1602.17
1687.76
1840.31
224.75
1297.00
2054.02
1971.27
706.03
1302.95
1627.47
1826.91
1676.97
1955.64
1379.23
1507.61
803.54
1545.69
1057.45
729.38
1555.92
156.62
1870.43
666.24
710.76
1612.36
1287.58
2201.75
1309.41
1969.41
2003.76
916.53
1979.86
1646.59
2067.16
733.46
633.39
1654.92
1632.36
1603.21
605.24
1651.39
2208.80
1111.16
1159.46
729.97
1717.79
1835.48
1611.85
2068.04
1592.90
1535.65
520.77
1120.17
1771.68
1975.17
1836.43
1791.44
678.59
1670.40
1419.47
1857.89
1333.09
1370.86
1621.32
1539.13
810.88
1892.74
1370.80
1515.78
1876.08
1388.95
1322.77
1491.31
1956.82
782.12
953.19
1982.30
1766.25
610.33
1618.27
1535.61
1496.21
1910.06
1786.41
1421.36
943.18
1778.82
1508.80
1073.10
758.66
1466.36
937.20
1481.29
1347.31
1431.65
1867.94
1679.47
956.94
1684.98
1535.40
1158.66
1350.93
1797.79
1758.44
1683.78
1748.80
1575.37
1932.90
1631.37
1855.95
1917.15
1289.17
1375.83
1595.26
1205.76
1706.95
1676.60
1901.04
1512.08
1713.98
2027.25
577.19
1436.09
702.89
1701.92
1645.52
1627.51
1426.85
675.67
1362.29
1267.51
1469.23
1281.61
1822.24
1922.76
1251.24
1974.00
711.95
1574.54
1008.40
1592.47
1177.48
1144.67
1669.61
1483.81
1225.50
602.34
1455.71
1430.37
1498.33
1772.50
1705.99
1473.03
1737.45
1771.91
1517.39
1572.71
1379.28
1229.73
1477.43
1961.44
1056.69
981.61
1847.49
781.03
1785.54
1608.52
1509.78
1364.42
1752.13
1434.65
1862.80
1796.37
1031.77
1755.16
1171.56
710.45
1429.07
971.25
1765.66
1902.80
1530.44
1473.64
1682.34
298.75
1611.11
1186.57
1327.93
1712.06
1064.37
813.43
1735.03
779.03
1361.93
1728.62
694.25
1538.30
645.91
709.12
1553.79
1663.23
1153.64
701.78
1438.18
937.14
1922.11
1689.98
1646.59
1608.53
1461.79
1449.12
712.55
1726.47
1836.97
704.95
804.42
941.17
1664.56
1829.71
1102.67
1941.84
1240.74
1199.46
1930.86
1276.90
1969.16
817.94
1395.07
1566.28
858.92
1846.84
1313.90
1223.24
1700.68
1371.19
1001.88
1815.84
1967.99
1612.13
1566.41
1221.41
1122.51
1254.33
1641.80
1260.51
1940.66
1470.61
1360.49
1205.82
772.30
1827.29
1514.43
1285.45
1440.69
1898.69
2198.79
757.04
1769.41
1735.23
765.32
280.47
1660.16
1333.60
1341.02
1122.58
818.91
1598.35
1710.47
1499.63
1656.16
1562.99
1477.97
960.45
1677.11
1016.98
1126.80
1535.62
1114.30
1121.75
717.31
927.28
1830.77
2039.40
1709.15
1769.44
1208.37
1629.28
1633.18
1203.69
1317.54
1964.20
1231.25
1693.78
1678.27
1943.28
1572.48
1382.21
1513.53
1909.17
1024.71
911.22
1431.93
1592.79
903.53
1077.39
1192.82
1247.18
1834.54
1438.95
1309.51
1841.32
1591.17
1609.24
301.29
323.12
1966.64
1698.16
1087.67
1787.53
831.91
979.06
699.84
1637.28
1228.65
2040.13
873.49
1451.22
1437.15
696.60
1891.92
1186.35
641.69
1350.12
1748.24
1644.45
1265.18
1892.73
1477.33
609.89
1817.84
2025.95
1434.77
2131.36
1253.77
2145.59
1126.80
1791.80
985.98
1464.70
887.50
1193.72
1528.84
1456.15
1325.64
1547.41
685.60
741.61
1544.09
1216.92
1953.19
1827.27
1598.51
756.16
1343.00
1132.46
898.53
1633.99
866.26
1488.54
1383.70
1413.24
1526.33
1656.72
943.12
1024.42
1774.00
1357.40
1987.59
911.56
794.66
1804.07
921.89
1317.33
1668.96
1613.44
1305.22
197.50
1800.20
1357.32
1987.94
1376.43
1546.34
1393.71
1956.36
1720.59
1687.20
1652.34
1784.87
735.62
1874.06
1463.20
1541.71
1745.85
1799.49
1443.53
1351.69
1853.74
1781.31
1219.90
1745.89
1379.97
777.21
731.95
1488.01
1941.18
1150.17
495.20
1661.34
815.17
1576.57
1385.78
1141.39
1544.33
1513.69
1610.11
834.26
1713.27
1195.53
1146.02
1123.33
1512.74
1509.75
1614.34
963.56
1335.51
859.53
1773.98
1275.39
1636.01
1131.76
2142.57
1838.85
1225.23
1889.09
1219.58
1507.82
1574.92
1256.72
1485.08
1526.16
1371.25
653.75
1626.22
1427.09
1010.11
2045.25
1290.61
1847.46
1160.74
1424.14
1144.46
1936.16
1520.28
1858.84
1597.81
1677.66
995.20
1024.80
1683.39
801.50
1423.50
1103.80
1245.91
1229.56
1985.84
1779.47
1549.40
1152.69
915.09
1610.78
2179.06
1767.39
636.58
1214.74
1105.28
1562.82
1501.48
1652.11
1584.55
1500.06
224.68
1533.82
1768.68
1471.01
1687.45
982.62
1948.99
1868.54
1070.85
544.50
2198.04
1163.40
1747.03
1722.96
1440.35
1973.92
1281.07
1757.42
1774.18
522.65
1292.27
215.17
1766.56
891.16
780.93
1846.11
1963.33
926.84
1465.45
1534.50
1928.81
1773.40
348.52
1625.81
1148.65
1890.64
1337.26
1984.63
1982.47
1942.92
1454.72
1722.86
1188.02
1492.33
705.32
1653.10
1507.98
940.62
1176.21
1709.11
1431.75
1757.95
307.82
1707.11
1654.27
943.24
1119.94
769.24
1523.97
1241.46
1228.02
1276.81
1129.09
1588.40
1513.61
1137.91
1354.12
1612.70
1384.94
1543.71
1322.97
1768.00
1779.77
1186.38
1230.52
1069.26
1603.12
843.52
681.20
1282.75
889.20
1868.82
1465.72
914.88
1871.38
1188.37
1898.16
1326.39
1257.34
1386.97
795.92
1364.39
1323.02
1372.73
1837.34
874.22
1309.88
1404.27
1724.78
635.64
1471.43
1404.18
922.90
1961.76
1843.87
1111.62
1366.60
1129.28
1666.56
1607.01
1386.17
1288.69
782.96
2020.77
1228.62
2055.52
1145.08
839.80
1931.21
1347.82
1513.56
1139.85
1565.43
1522.10
1290.49
1244.86
850.97
1341.88
1349.23
1262.01
1496.61
692.72
1428.79
1085.46
1341.34
1460.67
1695.84
1971.02
691.47
1308.77
1957.67
1032.62
1625.19
1056.90
1694.63
1355.75
1209.86
1597.42
1646.70
1746.67
764.60
1189.86
2178.12
1777.57
1859.48
1232.89
1969.57
1799.51
2049.76
1590.77
1565.48
1563.48
1872.74
1442.24
1184.40
1443.49
1486.65
1325.10
604.22
1105.06
1861.06
1309.04
1649.37
1914.57
1265.58
1538.90
884.11
1586.75
1823.17
381.37
1503.64
1430.33
1573.61
1607.36
1195.48
1365.68
755.17
527.98
1336.47
1684.38
2020.48
1838.43
1810.75
1439.17
1778.98
1697.96
1912.63
891.74
1764.56
625.31
971.89
1145.66
1471.90
989.47
1632.64
1277.66
1605.06
1627.29
1735.79
1445.82
1456.20
1692.14
1319.05
1616.68
1979.47
1671.74
998.69
1286.24
1747.86
1314.50
1358.10
897.64
872.57
1490.46
1746.68
980.66
754.95
1155.28
1737.87
1435.54
1362.03
919.93
1754.58
1561.86
1595.57
1648.91
1431.19
1354.91
745.29
1488.66
1044.18
852.64
1776.50
1723.49
1269.60
1989.34
954.17
1364.07
1061.58
885.82
1114.31
1316.74
1552.68
1558.42
790.26
1528.70
1769.86
1502.43
1310.69
1687.64
1594.33
1817.44
1244.32
999.14
1384.42
1713.27
1297.14
1173.93
1592.73
1132.77
512.67
1666.58
1641.27
814.17
1183.94
1221.94
831.60
1642.55
1384.90
1237.08
1133.48
1609.84
1650.58
1709.64
1781.95
1445.04
1484.45
1689.89
1734.53
1659.57
1932.07
1834.07
1616.59
1646.17
1194.61
1532.55
1181.49
1115.49
1750.39
1314.63
1238.54
1750.25
722.43
1820.35
1223.93
1040.15
1068.26
1940.65
1579.41
1513.82
1659.74
1435.49
1599.86
885.23
1413.92
925.47
1478.70
1702.48
1106.23
1459.57
1495.85
964.09
1229.01
911.61
1535.00
1830.93
852.88
1257.19
719.14
1578.68
467.54
1137.84
824.05
1403.88
1598.90
2066.54
2165.98
1378.01
1044.31
755.91
998.72
1935.47
1554.21
1376.89
1403.00
1458.41
1156.51
1932.37
1563.30
1097.04
2162.05
2109.63
1942.89
1644.54
1588.99
726.70
1550.14
1202.98
1507.06
1484.05
984.50
512.24
1962.21
1484.71
799.43
1501.66
1653.52
1344.43
1645.54
1967.51
1006.37
738.80
1350.48
1701.63
731.25
697.47
573.19
1864.39
1687.16
1473.08
1857.32
1313.33
1931.70
1638.66
1366.54
1682.14
1966.58
1574.04
1313.63
1561.23
919.16
747.18
1510.07
1571.91
1615.43
1579.38
1014.27
1868.30
1806.00
1743.37
1816.99
1652.93
1742.19
1445.97
2167.30
1781.81
1176.93
823.38
748.88
1746.82
1199.91
1637.69
1744.16
1492.75
1275.14
1417.71
1354.36
1527.00
858.04
1362.34
1830.88
747.52
1658.51
1094.98
1638.94
1491.92
1206.61
741.92
1550.11
1498.01
1541.98
1499.89
1246.31
1767.32
1246.83
1543.99
1430.47
1833.27
1034.40
1837.29
1789.72
1564.14
561.27
622.88
1800.89
1123.66
871.82
1621.60
1026.01
1652.97
1183.76
1512.57
1813.78
1744.24
1515.98
1775.00
1881.37
1271.43
1510.19
1507.64
1579.75
1187.03
1096.29
1513.89
1329.07
1299.96
1640.20
1677.13
1357.12
1582.47
1742.39
668.52
681.18
1697.90
1515.21
1423.44
1709.15
1656.10
1202.98
1113.02
1645.26
1381.73
1050.41
1858.67
1479.10
1837.23
1529.17
1808.36
1242.54
1442.36
1725.26
1748.26
2169.66
1052.95
653.20
1295.28
1414.68
854.56
738.15
1764.80
1126.26
1815.12
1382.87
1775.48
1814.74
1768.58
963.83
1509.83
1674.34
1153.78
729.39
628.83
1205.99
1804.80
1636.92
695.41
1319.62
1529.01
1679.15
1551.89
1991.53
1993.52
1877.95
1517.95
1992.11
980.39
1161.31
480.42
1710.43
1501.13
1344.61
1525.43
1589.89
2162.04
1799.58
1752.90
1465.83
1437.22
1515.06
1580.46
2022.21
1963.88
1419.93
835.12
1683.22
1475.72
1330.67
1424.63
1441.75
1885.07
1185.18
1141.48
1267.36
467.27
1568.89
1590.83
1467.46
1480.37
1257.60
1153.69
1305.06
1077.12
538.36
1562.09
926.10
1629.31
1070.74
1959.23
703.71
1934.35
1848.34
1690.04
1641.11
1914.78
1323.64
1831.95
464.79
1301.34
2132.45
1052.01
1325.95
1489.08
1622.51
497.34
1467.52
1506.93
1315.93
1851.37
1883.76
298.95
1523.48
474.18
1585.49
1437.41
1584.12
1445.59
1773.03
1926.59
533.60
205.85
1392.98
1170.07
1211.82
1351.67
944.18
1778.92
904.87
1795.52
1513.76
785.36
802.77
1216.93
1695.89
1723.72
697.42
1644.87
1576.86
1163.07
584.01
723.44
1534.95
1229.38
1025.55
1480.43
886.05
1676.34
608.62
1241.39
1759.51
1576.58
2010.93
1651.73
1480.67
913.10
1739.59
763.01
1596.02
1155.60
1626.38
1271.46
1221.80
1486.56
1574.87
1555.67
1490.92
1886.51
1753.75
1896.74
792.09
1782.24
1249.24
1470.48
1961.97
1665.97
1707.06
535.46
1264.89
1257.19
1938.99
1428.94
1948.99
1713.56
768.33
1608.42
1692.05
1847.13
1086.96
1099.96
835.61
1509.26
2159.92
1065.47
1778.76
1601.56
1182.54
650.49
1707.45
849.73
1479.92
557.31
1122.26
1116.57
1251.42
1849.26
1930.71
960.64
1693.28
866.03
676.22
1247.00
1221.97
754.68
1572.32
1775.23
1175.86
1543.71
1126.05
1298.94
1559.86
1502.69
1208.65
1256.04
1411.28
417.41
618.95
1567.72
1206.60
1156.73
1027.14
1380.03
1053.37
894.71
1768.69
791.24
913.62
1377.88
1619.70
1639.00
1247.21
1588.11
1668.05
1711.18
1424.72
1892.67
1336.60
1668.81
1757.68
1089.81
1703.08
1486.20
1846.74
1418.78
1249.71
1726.55
1419.28
1863.45
1967.64
1903.21
1861.83
1656.37
1130.40
1596.30
910.66
1222.45
1457.03
1144.11
1646.05
1928.10
1824.18
1948.48
1404.37
1062.80
1431.78
1693.22
1593.47
1755.01
661.07
1431.14
537.62
1379.81
2038.34
1557.16
1607.96
993.59
879.80
1684.98
1370.77
1307.35
1491.65
1338.01
1942.50
1664.12
629.95
1213.39
1729.13
1288.41
1334.55
1482.99
1501.95
1185.35
769.93
464.79
1803.18
926.48
1697.60
1853.05
1589.32
1540.10
1951.46
935.79
1340.99
1497.43
1324.91
1340.20
667.21
1804.78
1598.65
1459.86
468.92
1103.96
1551.36
1579.05
942.65
2002.34
874.37
771.34
1453.81
1255.26
1770.95
1423.59
1238.73
1947.38
2131.51
1856.82
1401.18
1185.09
636.36
1609.51
1559.23
1703.09
363.79
1777.06
1750.30
1659.64
1567.15
1763.70
919.54
661.13
1728.97
1674.99
1657.74
1440.71
1248.64
1443.25
1078.36
943.13
1972.27
988.30
1337.56
1457.66
1144.55
1117.66
1570.34
1917.35
1332.33
628.38
1486.85
1089.89
1638.12
1516.55
1303.48
1766.22
1512.89
1624.20
1953.82
1524.32
1018.58
1482.87
2173.40
1213.69
1590.28
1563.02
1041.67
1098.47
1457.40
1041.37
1580.61
787.98
1408.51
1038.19
1262.15
1568.44
723.14
1393.86
1963.70
812.66
2206.86
977.55
1177.41
996.74
1504.91
1803.60
1398.01
1487.60
1239.22
918.23
725.51
1790.92
1179.22
1875.49
1684.90
1715.80
1037.62
1541.69
1456.30
1844.08
1182.94
1356.51
1683.82
751.25
1831.66
1901.71
1888.74
1778.86
1797.06
1145.10
1665.63
279.72
1422.06
1121.83
1382.06
823.13
2177.94
1358.29
1415.70
931.51
1981.20
983.09
163.87
871.67
940.53
1923.58
1973.02
1765.20
1641.99
1978.64
1246.80
1568.76
934.67
1244.92
1495.88
928.13
938.90
1708.96
1212.56
715.60
1434.54
1714.28
1427.27
1654.23
1931.00
1223.66
1959.93
1598.86
1498.21
1714.55
1420.12
1314.73
898.22
1088.80
582.57
1607.90
1677.29
1744.04
1505.39
1253.17
1345.05
1261.25
583.62
1825.93
1682.66
1513.94
1744.51
1549.47
1363.28
2131.12
843.61
1258.42
809.48
1763.09
1431.37
1004.42
1246.23
1795.40
1787.13
1620.21
1444.65
804.77
2089.90
969.44
1430.47
1510.29
1271.49
1499.28
1351.20
1409.39
1147.50
1076.80
1946.43
1613.06
737.27
1758.67
1363.51
1712.91
609.39
1742.08
1533.84
532.60
1164.41
1259.47
308.64
1431.87
1269.04
1416.66
1688.42
1481.20
1342.83
1747.30
2197.63
603.31
1620.25
689.52
1641.67
1438.09
1194.35
1090.39
1715.99
1829.23
1504.18
1431.63
1669.09
1071.08
1731.08
1407.18
1329.69
1213.45
1727.18
458.25
1071.31
985.35
981.79
1775.93
783.20
954.31
1772.86
1507.11
1204.66
326.30
1329.87
1192.25
877.70
1191.79
792.04
1631.13
1671.79
1824.84
1416.26
1651.89
798.00
1580.02
1771.90
1611.26
1559.19
2225.17
1222.58
1368.33
1441.08
1271.91
2036.50
1813.23
1504.50
1056.06
1712.29
786.35
1442.41
818.64
1899.14
1472.05
1335.24
1560.31
1656.52
2029.58
1624.96
135.58
1597.62
1692.91
1258.45
1025.81
1436.42
1554.84
1419.98
942.62
1830.23
1504.31
1599.79
2027.73
1968.70
1523.77
1317.33
1586.94
1681.40
1378.67
328.79
1618.04
1802.21
1426.65
1176.49
1681.73
669.59
566.36
642.73
1823.39
1313.20
